25
3
1
11
1
20
3
61
3
1
11
1
20
3
61
3
1
11
1
84
3
1
11
1
9
4
71
3
1
11
1
9
4
7
7
6
33
3
6
2
7
3
1
11
1
9
4
7
7
6
33
3
6
2
7
3
1
11
1
9
3
8
7
6
33
3
8
7
3
1
11
1
9
3
8
3
61
3
1
11
1
9
3
12
3
57
3
1
11
1
9
3
12
3
57
3
1
11
1
9
3
12
3
55
2
15
1
9
3
7
5
3
17
5
50
1
9
3
7
5
3
17
5
50
1
9
3
7
5
3
17
5
26
9
3
12
1
19
3
22
3
28
9
3
12
1
19
3
22
3
28
9
3
12
1
19
3
22
3
28
3
6
2
12
2
19
3
22
3
51
2
19
3
22
3
51
2
9
4
6
3
2
4
16
3
20
2
29
2
9
4
6
3
2
4
16
3
62
4
6
3
2
4
16
3
62
3
12
3
18
4
60
3
12
3
18
2
62
3
12
3
82
3
12
3
1
3
78
3
12
3
1
3
78
3
12
3
1
3
36
5
14
5
18
3
12
3
40
5
14
5
7
3
8
3
12
3
5
1
34
2
17
2
10
3
31
1
34
2
17
2
10
2
67
2
17
2
10
2
67
2
17
2
10
2
68
1
18
1
10
2
68
1
18
1
11
1
9
4
7
8
40
1
18
1
11
1
9
4
7
8
40
1
18
1
11
1
9
4
7
8
40
1
17
2
11
1
9
3
8
3
45
1
17
2
11
1
9
3
8
3
17
4
6
18
1
3
4
8
4
11
1
9
3
8
3
17
4
6
17
2
3
4
8
4
10
2
9
3
8
3
17
3
1
2
3
1
17
2
29
2
9
3
8
3
17
3
1
2
3
1
17
2
29
2
9
3
8
3
17
3
1
2
3
1
7
2
8
2
29
2
9
3
8
3
17
3
1
2
3
1
7
2
50
3
8
3
17
3
1
2
3
1
7
2
360
4
23
11
41
3
18
4
23
11
41
3
18
4
23
11
5
4
21
4
7
2
19
3
24
3
13
4
21
4
7
2
46
3
49
2
27
9
6
4
3
50
1
27
9
6
4
3
50
1
27
9
6
4
3
50
1
27
3
16
3
50
1
46
3
50
1
59