2
8
1
33
20
1
10
1
26
8
1
33
4
50
4
42
4
50
4
42
4
50
4
42
4
50
4
1
7
34
4
50
4
1
7
34
4
50
4
1
7
34
4
50
4
20
3
19
4
16
4
1
5
24
4
20
3
19
4
16
4
1
5
24
4
20
3
19
4
16
4
1
5
24
4
23
3
16
4
16
4
1
5
11
1
6
1
5
4
42
4
16
4
1
5
11
1
1
4
1
1
5
4
42
4
16
4
1
5
11
2
4
2
5
4
63
4
5
11
2
1
2
1
2
5
4
8
15
40
4
5
11
2
1
2
1
2
5
2
10
15
40
4
5
11
2
1
2
1
2
5
2
65
4
5
11
2
1
2
1
2
5
2
65
4
5
11
2
1
2
1
2
5
2
65
4
5
11
2
1
2
1
2
5
2
3
7
55
4
5
11
2
1
2
1
2
5
2
41
1
23
4
3
13
2
1
2
1
2
5
2
41
1
22
4
1
3
13
2
4
2
5
2
41
1
22
4
1
3
13
2
1
2
1
2
5
2
41
1
22
4
17
1
1
4
1
1
5
2
41
1
22
4
17
1
6
1
5
2
41
1
22
4
30
2
41
1
22
4
30
2
41
1
22
4
1
3
26
2
41
1
22
4
1
3
26
2
41
1
22
5
3
26
2
64
5
5
24
2
64
5
5
24
2
64
5
5
24
2
64
5
5
24
2
64
5
5
24
2
64
5
5
24
2
64
5
5
24
2
69
5
24
2
69
5
24
2
69
5
24
2
69
4
1
11
5
8
2
69
3
1
12
5
8
2
69
2
1
13
5
8
2
69
1
1
14
5
8
2
41
1
27
1
15
5
8
2
41
1
99
1
99
1
99
1
99
1
99
1
102
19
35
2
44
20
34
2
44
20
34
2
44
20
34
2
44
20
34
31
15
20
34
31
15
20
5
16
13
31
15
20
5
16
5
10