-1
7
5
-1
47
-1
27
-1
7
5
-1
47
-1
27
-1
7
5
-1
47
-1
7
5
-1
47
-1
26
-1
7
5
-1
47
-1
26
-1
28
29
-1
0
3
50
4
7
5
-1
47
-1
26
-1
28
29
-1
0
3
50
4
8
6
-1
47
-1
26
-1
28
29
-1
0
1
2
8
6
-1
47
-1
26
-1
28
-1
8
6
-1
47
-1
26
-1
30
-1
8
6
-1
47
-1
26
-1
30
-1
8
6
-1
47
-1
26
-1
30
-1
9
-1
47
-1
26
-1
31
30
-1
46
-1
47
-1
26
-1
31
30
-1
46
-1
47
-1
26
-1
31
30
-1
46
-1
11
12
-1
47
-1
31
-1
46
-1
11
12
-1
47
-1
31
-1
46
-1
11
12
-1
47
-1
31
-1
46
-1
11
-1
12
-1
20
-1
31
-1
46
-1
20
-1
31
-1
46
-1
20
-1
25
-1
31
-1
49
-1
46
-1
10
-1
20
-1
25
-1
31
-1
49
-1
46
-1
25
-1
31
-1
49
-1
46
-1
25
-1
49
-1
45
-1
25
-1
49
-1
45
-1
25
-1
49
-1
25
-1
49
-1
32
-1
25
-1
49
-1
32
-1
25
-1
49
-1
32
-1
13
-1
15
-1
25
-1
49
-1
13
-1
15
-1
21
-1
25
-1
49
-1
33
-1
13
-1
15
-1
21
-1
33
-1
13
-1
15
-1
21
-1
13
-1
15
-1
21
-1
13
-1
15
-1
21
-1
47
-1
47
-1
21
-1
47
-1
47
-1
47
-1
24
-1
34
-1
47
-1
47
-1
47
-1
24
-1
34
-1
47
-1
47
-1
47
-1
24
-1
34
-1
47
-1
16
-1
47
-1
24
-1
34
-1
47
-1
16
-1
47
-1
24
-1
34
-1
42
44
-1
47
-1
17
-1
16
-1
47
-1
24
-1
34
-1
42
44
-1
14
-1
17
48
16
-1
22
-1
24
-1
34
-1
42
40
-1
43
41
-1
14
-1
22
-1
24
-1
34
-1
42
40
-1
43
41
-1
14
-1
22
-1
24
-1
34
-1
42
40
-1
43
41
-1
39
-1
14
-1
22
-1
24
-1
34
-1
42
40
-1
43
41
-1
39
-1
24
-1
34
-1
42
40
-1
43
41
-1
39
-1
35
-1
38
-1
23
-1
35
-1
38
-1
23
-1
35
-1
38
-1
18
-1
19
-1
23
-1
35
-1
38
-1
18
48
19
-1
23
-1
38
-1
23
-1
36
37
-1
38
-1
47
-1
36
37
-1
38
-1
47
-1
36
37
-1
38
-1
47
-1
36
-1
38
-1
47
-1
38
-1
47
-1