3
7
19
3
9
23
12
24
3
7
19
3
9
23
12
24
3
25
1
3
9
28
1
1
1
1
27
3
25
1
3
9
28
1
1
1
1
27
3
25
1
3
9
28
1
1
1
1
27
3
25
1
3
9
28
1
1
1
1
27
3
7
18
1
3
9
12
1
15
1
1
1
1
27
3
7
15
3
1
3
9
12
1
10
10
26
3
19
1
1
4
1
3
9
12
1
14
1
1
1
1
1
1
26
3
19
1
1
4
1
3
9
12
1
14
1
1
1
1
1
1
26
3
19
1
1
4
1
3
9
12
1
14
1
1
1
1
1
1
26
3
22
3
4
9
12
1
14
1
1
1
1
1
1
11
8
7
3
29
9
12
1
14
1
1
1
1
1
1
11
1
6
1
7
3
29
9
12
1
14
1
1
1
1
1
1
11
1
6
1
7
3
29
9
22
2
5
1
1
1
1
11
1
2
2
2
1
7
3
29
9
22
2
5
1
1
1
1
11
1
2
2
2
1
7
3
29
9
22
2
5
1
1
1
1
11
1
2
2
2
1
7
19
6
2
1
4
9
22
2
5
1
1
1
1
11
1
2
2
2
1
7
32
9
22
2
5
1
1
1
1
11
1
2
2
2
1
7
32
9
22
2
5
1
1
1
1
11
1
2
2
2
1
7
32
9
22
2
5
1
1
1
1
11
1
2
2
2
1
7
3
38
22
2
5
1
1
1
12
1
2
2
2
1
7
3
38
12
1
14
1
1
1
1
1
12
1
6
1
7
3
38
12
1
14
1
1
1
1
1
12
1
2
2
2
1
7
3
38
12
1
14
1
4
12
1
6
1
7
3
38
12
1
14
1
4
12
8
7
3
38
12
1
14
1
4
27
3
38
12
1
14
1
4
27
3
38
12
1
14
1
1
1
1
1
27
3
38
12
1
14
1
1
1
1
1
27
3
7
3
16
3
9
29
1
1
1
27
3
7
3
16
3
9
29
1
1
1
1
26
3
7
3
16
3
9
29
1
1
1
1
26
3
7
3
16
3
9
29
1
1
1
1
26
3
7
3
16
3
9
29
1
1
1
1
26
3
7
3
16
3
9
29
1
1
1
1
26
3
7
3
16
3
9
29
1
1
1
1
26
3
7
3
16
3
9
29
1
1
1
1
26
3
7
3
16
3
9
12
1
10
5
1
1
1
1
1
26
3
7
3
16
3
9
12
1
10
5
1
1
1
1
1
26
3
7
3
16
3
9
12
1
10
5
1
1
1
1
1
26
3
7
3
16
3
9
12
1
10
5
1
1
1
1
25
2
3
7
22
9
12
1
10
5
1
1
1
26
2
3
7
22
9
12
1
10
5
1
1
27
2
3
7
22
9
12
1
10
5
1
28
2
3
38
12
1
10
5
29
2
3
38
62
38
62
38
62
38
62
38
62
38
62
38
22
1
26
8
5
38
49
8
34
9
49
8
34
9
49
8
34
9
49
8
34
9
30
12
7
8
34
9
49
8
34
9
59