264
5
95
5
95
5
63
6
26
5
63
6
26
5
63
6
84
3
7
6
31
5
48
3
7
6
31
5
48
3
7
6
31
5
12
6
40
6
31
5
12
6
40
6
31
5
13
4
141
6
18
7
5
4
60
6
18
7
5
4
60
6
18
7
5
4
49
5
6
6
18
7
5
4
60
6
18
7
5
4
60
6
18
7
5
4
60
6
18
7
6
3
84
7
6
3
1
6
80
6
4
3
1
6
9
2
69
6
4
3
1
6
9
2
69
6
8
6
9
2
69
6
8
6
80
6
8
6
80
6
4
3
1
6
80
6
4
3
1
6
80
6
4
3
1
6
90
3
1
6
90
3
769
5
95
5
95
5
45
7
30
5
8
5
45
7
30
5
8
5
45
7
30
5
8
5
45
7
44
4
45
7
258
5
95
6
94
7
93
7
27
8
58
7
27
8
66
2
24
8
66
4
22
8
66
5
95
5
95
5
95
5
95
5
31