218
7
93
7
93
7
93
7
93
7
93
7
200
4
96
4
96
4
96
4
696
3
9
10
9
14
14
4
37
3
9
10
9
14
14
4
37
3
9
10
9
14
14
4
37
3
9
10
9
14
14
4
37
3
28
14
56
2
99
1
88
3
6
3
88
3
6
4
7
5
16
12
20
8
19
3
6
5
6
5
15
14
19
8
40
10
8
16
15
4
7
40
10
39
4
7
40
10
39
4
13
1
33
10
39
4
13
1
33
10
39
4
13
1
99
1
99
1
180
5
39
5
4
8
39
5
39
5
4
8
39
5
39
5
4
8
39
5
39
5
4
8
39
5
39
5
4
8
39
5
11
8
20
5
4
8
55
8
20
5
4
8
55
8
20
5
4
8
55
8
20
5
4
8
55
8
20
5
4
8
55
8
20
5
4
8
38
5
12
8
20
5
4
8
38
5
12
8
20
5
4
8
29
2
7
5
85
3
7
5
85
3
7
5
85
3
7
5
86
2
7
5
95
5
412