6
6
16
1
10
17
30
3
11
1
55
30
3
11
1
24
1
2
1
57
3
11
1
24
1
2
1
57
3
11
1
24
1
2
1
71
1
24
1
2
1
71
1
24
1
2
1
71
1
24
1
2
1
71
1
24
4
71
3
22
4
71
3
22
4
71
3
22
4
71
3
22
4
71
3
22
4
71
3
22
4
71
3
22
4
71
3
22
4
60
1
6
1
3
3
22
4
60
1
6
1
3
3
22
4
60
1
6
1
3
3
22
4
71
3
22
4
69
5
22
4
69
5
22
4
69
5
1
5
10
1
3
2
1
3
69
5
1
5
10
1
3
3
1
3
8
8
34
8
10
5
1
5
10
1
3
4
1
2
8
8
10
1
12
1
10
8
10
5
1
16
3
5
1
2
24
2
12
2
29
3
1
16
3
6
1
1
24
2
12
2
15
3
8
6
1
16
3
7
1
24
1
1
12
1
1
15
3
8
6
52
1
14
1
15
1
10
6
83
1
10
6
83
1
10
6
83
1
10
6
83
3
8
6
83
3
8
6
83
3
8
11
78
3
8
11
92
8
24
5
95
5
95
5
95
5
95
5
95
5
95
5
95
5
27
14
54
5
26
16
53
5
26
16
18
3
32
5
26
3
10
3
18
3
32
5
26
3
1
1
6
1
1
6
15
3
32
5
26
3
1
1
1
4
1
1
1
6
15
3
63
3
1
2
4
2
1
6
15
3
63
3
1
2
4
2
1
6
15
3
63
3
1
2
4
2
1
6
15
3
63
3
1
1
1
4
1
1
1
6
15
3
63
3
1
1
6
1
1
3
18
3
63
3
10
3
18
3
63
16
18
3
26
37
1
14
1
28
19
74