7
4
18
13
11
33
1
1
12
7
4
18
13
11
33
1
1
12
2
23
3
14
11
33
1
1
12
2
23
3
14
11
33
1
1
12
2
23
3
14
11
47
2
23
3
14
58
2
23
3
14
58
2
23
3
14
58
5
1
6
1
10
1
2
1
1
1
13
58
4
22
1
1
1
13
58
4
22
1
1
1
13
58
4
22
1
1
1
13
58
4
22
1
1
1
13
58
4
22
1
1
1
13
58
4
22
1
1
1
13
58
4
22
1
1
1
13
58
4
22
1
1
1
61
6
4
4
22
1
1
1
61
6
4
4
22
1
1
1
61
6
4
4
22
1
1
1
59
1
8
3
4
22
1
1
1
59
1
8
1
2
4
22
1
1
1
59
1
8
1
2
4
22
1
1
1
59
1
8
1
2
4
5
10
1
3
3
1
1
1
8
10
32
10
8
1
2
4
5
10
1
3
4
1
1
1
7
10
9
14
9
10
8
1
2
4
5
10
1
3
5
1
1
7
10
9
14
9
10
8
1
2
4
16
3
6
1
1
6
10
8
1
14
1
8
10
8
3
4
16
3
7
1
6
10
8
1
14
1
29
4
16
3
8
6
10
8
1
14
1
29
4
51
16
16
3
10
4
83
3
10
4
83
3
10
4
83
3
10
4
96
4
96
4
5
91
9
91
9
23
5
63
9
15
1
75
9
391
23
77
23
22
11
44
23
40
1
14
1
21
23
77
23
77
23
43
10
24
23
43
10
6
1
17
23
43
2
6
2
6
1
17
23
9
5
29
2
1
4
1
2
6
1
17
23
43
2
1
4
1
2
6
1
17
23
43
2
1
4
1
2
6
1
17
23
43
2
6
2
6
1
17
23
43
10
34
13
43
10
34
13
9
5
73
13
40
1
14
1
31
13
77