28
27
28
27
28
27
28
38
27
28
27
28
38
27
28
27
54
27
54
27
38
27
28
27
54
27
54
27
38
27
28
27
54
27
54
27
28
27
54
27
54
27
28
27
54
27
54
27
28
27
54
27
54
27
28
27
39
27
28
27
39
27
28
27
39
27
28
27
39
27
28
27
39
27
28
27
39
27
28
27
39
27
28
27
39
27
28
27
39
27
39
27
38
27
28
27
39
27
39
27
38
27
28
27
39
27
39
27
38
27
28
27
39
27
28
27
39
27
28
27
39
27
28
27
39
27
28
27
41
28
41
27
41
43
39
27
28
27
41
28
41
27
41
43
39
27
28
27
28
27
28
27
41
28
41
27
41
43
39
27
28
27
38
28
39
27
28
27
28
27
41
27
41
43
39
27
38
28
39
27
28
27
41
27
41
43
39
27
38
28
39
27
28
27
28
27
41
27
41
43
27
38
42
41
43
39
27
28
27
28
27
42
41
43
27
28
27
28
27
28
27
28
27
28
27
28
27
28
27
28
27
28
27
28
27
28
27
28
27
28
27
28
27
28
27
28
27
28
27
28
27
28
27
28
27
28
27
28
27
28
27
28
27
28
27
28
27
28
27
28
27
28
27
28
27
28
27
28
27
28
27
28
27
28
27
28
27
28
27
43
41
42
27
28
27
28
27
28
27
28
27
39
43
41
42
38
27
28
27
28
27
28
27
39
27
38
27
28
27
28
27
28
27
39
27
38
27
28
27
28
27
28
27
39
27
38
27
28
27
28
27
28
27
39
45
40
44
38
27
28
27
28
27
28
27
45
40
44
27
28
27
28
27
28
27
28
27
28
27
28
27
28
27
28
27
28
27
28
27
28