8
3
40
2
44
3
8
3
40
2
44
3
51
2
44
3
51
2
44
3
51
2
49
4
3
13
7
73
4
3
13
7
73
4
3
13
7
74
2
4
3
9
2
97
3
1
96
3
1
96
3
1
96
3
1
96
3
1
96
3
1
61
5
6
4
20
3
1
18
3
40
5
6
4
20
3
1
61
4
5
6
20
3
1
61
4
5
6
20
3
1
61
4
5
6
20
3
1
61
3
6
3
23
3
1
10
13
29
12
6
3
23
3
1
10
13
6
17
6
12
6
3
23
3
1
10
13
6
17
6
12
6
3
19
3
1
3
1
10
3
16
17
6
3
15
3
1
2
16
3
1
3
1
10
3
16
3
20
3
15
3
1
2
16
3
1
3
1
10
3
39
3
15
3
1
2
16
3
1
3
1
10
3
39
3
15
3
19
3
1
3
1
10
3
47
6
26
3
1
3
1
10
3
47
6
94
3
97
3
97
3
17
5
75
3
17
5
95
5
20
8
84
4
4
8
84
4
4
8
84
4
4
3
89
3
318
14
86
14
4
6
13
42
2
19
14
4
6
13
42
2
19
3
15
6
13
42
2
37
3
1
14
43
2
37
3
1
12
2
1
4
39
1
37
3
1
12
2
1
4
39
1
6
8
23
3
1
2
10
2
1
4
39
1
6
8
23
3
1
2
10
2
1
3
40
1
6
8
23
3
1
2
10
2
1
3
40
1
6
3
28
3
1
2
10
2
1
3
40
1
37
3
1
2
10
2
1
3
40
1
37
3
1
2
10
2
1
3
24
4
12
1
6
8
23
3
1
2
10
2
1
3
18
6
4
12
1
6
8
23
3
1
2
10
2
1
43
1
6
8
23
3
1
2
10
2
1
43
1
6
3
28
3
1
13
1
1
43
1
37
3
1
14
44
1
77