3
5
3
9
10
9
8
7
6
3
5
3
9
10
9
8
7
6
3
5
7
9
10
9
8
7
6
3
5
7
9
10
9
8
7
6
3
5
7
9
10
9
3
5
7
9
10
3
5
7
9
10
3
5
7
9
10
3
2
5
2
3
2
3
4
5
6
9
10
3
5
6
7
8
9
10
3
5
6
7
8
9
10
3
5
6
7
8
9
10
3
5
6
7
8
9
10
3
5
6
7
8
9
10
3
5
6
7
8
9
10
3
5
6
7
8
9
10
3
5
6
7
8
9
10
9
3
5
6
7
8
9
10
9
3
5
6
7
8
9
10
9
3
5
6
7
8
9
7
10
7
3
5
6
7
8
9
7
10
7
9
3
5
6
7
8
9
7
10
7
9
3
5
6
7
8
9
7
10
7
9
3
5
8
5
6
5
6
7
8
9
7
9
7
10
7
9
3
6
8
6
7
6
7
8
9
10
7
10
7
10
7
10
7
9
3
7
8
7
8
7
8
9
10
7
10
9
10
7
10
7
9
3
8
9
8
9
10
11
7
11
10
9
10
11
7
10
7
3
9
10
9
10
11
9
11
10
9
10
11
3
10
11
10
11
9
11
10
9
10
11
3
11
10
11
7
11
3
11
7
11
3
11
7
11
3
11
7
11
3
11
3
11
3
9
11
9
11
9
11
9
11
9
11
8
11
9
11
12
11
12
11
9
11
12
11
9
11
9
11
12
11
12
11
12
11
9
11
12
11
9
11
9
11
12
11
9
10
9
11
9
11
12
11
9
11
9
10
11
10
9
11
9
11
12
11
9
10
11
10
9
11
9
11
12
11
9
10
11
10
9
11
9
11
12
11
9
10
9
11
9
11
12
11
9
11
12
11
9
11
12
11
9
11
12
11
9
11
9
11
12
11