-1
1
-1
36
-1
41
-1
1
-1
36
-1
41
-1
36
-1
41
-1
36
-1
41
-1
36
-1
0
-1
2
3
-1
0
-1
2
3
-1
0
-1
2
3
-1
43
-1
2
-1
42
-1
5
4
-1
5
4
-1
5
4
-1
5
4
-1
5
4
-1
5
4
-1
32
-1
33
-1
5
4
-1
31
37
32
-1
33
-1
5
4
-1
18
-1
19
-1
5
4
-1
18
-1
19
-1
5
4
-1
18
-1
19
-1
5
4
-1
18
-1
19
-1
7
6
-1
16
-1
18
-1
19
-1
7
6
-1
16
-1
17
-1
18
-1
19
-1
7
6
-1
16
-1
17
-1
18
-1
19
-1
9
8
7
6
-1
16
-1
17
-1
18
-1
19
-1
39
-1
9
8
7
6
-1
16
-1
17
-1
18
-1
19
-1
39
-1
9
8
7
6
-1
16
-1
18
-1
19
-1
39
-1
9
8
7
6
-1
16
-1
18
-1
19
-1
9
8
7
6
-1
16
-1
20
-1
9
8
7
6
-1
16
-1
20
-1
20
-1
20
-1
20
-1
10
-1
20
-1
10
-1
10
-1
12
-1
11
-1
12
-1
11
-1
12
-1
11
-1
12
-1
11
-1
15
-1
15
-1
27
28
-1
35
-1
15
-1
27
28
-1
35
-1
15
-1
27
28
-1
35
-1
27
-1
24
-1
35
-1
27
21
25
29
23
40
-1
38
-1
27
21
25
29
23
40
-1
38
-1
13
-1
26
21
25
-1
29
23
40
-1
38
-1
13
-1
26
21
25
-1
29
23
40
-1
38
-1
13
-1
26
21
25
-1
29
23
40
-1
38
-1
13
-1
26
21
25
-1
29
23
40
-1
38
-1
26
21
25
-1
29
23
40
-1
38
-1
26
21
25
-1
29
23
40
-1
34
-1
38
-1
14
-1
26
21
25
-1
29
23
40
-1
37
34
-1
38
-1
14
-1
26
21
25
-1
29
23
-1
38
-1
14
-1
26
21
25
-1
29
23
-1
38
-1
14
-1
26
21
30
29
23
-1
38
-1
26
-1
22
-1
38
-1