3
45
55
45
55
68
3
3
11
4
4
7
68
3
3
11
4
4
7
68
3
3
11
4
4
7
68
3
3
11
4
4
7
68
3
3
11
4
4
7
5
10
4
1
1
47
3
3
11
4
4
7
5
10
3
1
1
1
6
11
16
3
11
3
3
11
4
4
7
18
2
1
6
11
16
3
11
3
1
2
9
6
4
7
18
2
1
6
11
16
3
12
3
1
1
9
6
4
7
18
2
1
6
11
16
3
12
4
1
9
6
4
7
18
2
1
6
11
16
3
26
6
4
7
18
2
1
6
11
16
3
26
6
4
7
18
2
1
6
11
8
8
1
2
26
6
4
7
18
2
1
6
11
1
7
9
1
1
26
6
4
7
18
2
1
6
11
1
7
10
1
28
4
4
7
18
1
1
1
1
4
1
11
1
7
21
18
4
4
7
18
1
2
1
4
13
7
39
4
4
7
26
1
2
2
54
4
4
7
26
1
2
2
54
4
4
7
26
1
2
2
54
4
4
7
26
1
2
2
54
3
1
4
7
26
1
2
2
54
2
1
5
7
25
6
54
1
1
6
7
11
4
10
4
56
1
7
7
11
4
10
4
64
7
11
4
10
4
64
7
1
5
5
4
10
4
64
7
11
4
10
4
64
4
1900
5
7
4
1
1
11
1
1
4
16
4
1
1
14
1
1
5
19
8
7
4
1
1
11
1
1
4
16
4
1
1
14
1
1
5
19
8
7
4
1
1
11
1
1
4
16
4
1
1
14
1
1
5
19
8
7
4
1
1
11
1
1
4
16
4
1
1
14
1
1
5
19
8
92
8
92
8
92
8
92
303