3
2
10
14
3
2
10
14
3
4
2
10
9
12
11
12
13
14
13
12
11
10
14
3
4
2
10
9
12
11
12
13
14
13
12
11
10
14
3
4
2
10
9
12
11
12
13
14
13
12
11
10
14
3
4
2
10
9
12
11
12
13
14
13
12
11
10
14
3
4
2
10
9
12
11
12
13
14
13
12
11
10
14
3
4
5
4
2
4
2
4
2
10
9
12
11
12
13
14
13
12
11
10
14
3
5
6
5
4
2
4
6
8
10
9
12
11
12
13
14
13
12
11
10
14
3
6
5
4
2
4
6
8
10
9
11
12
13
14
12
9
10
14
3
6
5
4
2
4
6
8
10
9
12
13
14
12
9
10
14
3
6
5
4
2
4
6
8
10
9
12
13
14
12
9
10
14
3
6
5
4
2
4
6
8
10
9
12
14
12
9
10
14
3
6
5
4
2
4
6
8
10
9
12
14
12
9
10
14
3
6
5
4
2
6
8
10
9
12
14
12
9
10
14
3
6
5
4
2
4
8
10
9
12
14
12
9
10
14
3
6
5
4
2
4
2
4
10
9
12
14
13
12
11
10
14
3
6
5
4
6
2
4
12
9
14
13
12
11
10
14
3
6
5
4
8
2
4
12
13
14
13
12
11
10
14
3
6
4
8
10
12
14
13
12
13
14
13
12
11
10
14
3
6
4
8
10
12
14
13
12
13
14
13
12
11
10
14
3
6
4
8
10
12
14
13
12
13
14
13
12
11
10
14
3
6
4
8
10
12
14
13
12
13
14
13
12
11
10
14
3
6
4
8
10
12
14
13
14
13
12
11
14
3
6
4
7
8
9
10
11
12
14
13
12
14
3
6
7
8
9
10
11
12
13
14
13
14
3
6
7
8
9
10
11
12
13
14
3
4
6
7
8
9
10
11
12
13
14
3
4
6
7
8
9
10
11
12
13
14
3
4
6
7
8
9
10
11
12
13
14
11
14
15
14
11
12
11
14
13
14
11
12
11
14
11
14
11
12
11
14
13
14
11
12
11
14
11
12
11
14
13
11
13
14
11
12
11
14
11
12
11
14
13
11
13
14
11
12
11
14
13
14
13
14
13
14
13
14