44
3
97
3
97
3
20
3
2
2
80
3
10
3
1
3
52
8
2
6
2
13
10
3
1
3
48
3
1
8
2
6
2
13
10
3
1
3
48
3
1
8
2
6
2
13
10
3
1
3
15
4
23
2
4
2
2
3
15
3
20
3
1
3
12
3
4
23
2
4
2
1
1
3
38
3
1
3
12
3
4
29
2
1
1
3
38
3
16
2
1
3
30
2
1
1
3
38
3
16
2
1
3
30
2
1
1
3
13
8
17
3
16
2
1
3
30
2
1
1
3
13
8
17
3
16
2
1
3
30
2
1
1
3
13
8
17
3
16
2
1
3
30
2
1
1
3
38
3
16
2
1
3
30
2
1
1
3
38
3
16
2
1
3
30
2
2
3
38
3
52
2
2
3
38
3
52
2
2
3
93
2
22
2
1
73
2
22
2
1
62
8
2
3
1
9
12
2
1
62
7
3
3
1
9
12
2
1
62
7
3
3
1
9
12
2
55
7
1
3
11
9
69
7
93
7
9
9
21
4
57
9
9
21
4
57
9
9
21
4
57
9
9
21
3
1448
100
113
18
21
9
2
10
11
4
25
18
2
18
1
9
2
10
11
4
25
18
2
18
1
9
2
10
11
4
25
3
17
2
14
3
3
29
3
26
3
17
2
14
3
3
58
3
17
2
2
15
3
58
3
17
2
2
15
3
78
2
98
2
98
2
98
2
365