47
30
19
4
47
30
19
4
3
44
17
6
1
3
1
1
1
11
1
1
1
5
4
3
54
7
6
1
3
1
1
1
11
1
1
1
5
4
3
54
7
6
1
3
1
1
1
11
1
1
1
5
4
3
54
7
6
1
3
1
1
1
11
1
1
1
5
4
3
54
7
6
1
3
1
1
1
11
1
1
1
5
4
3
5
10
6
1
4
13
5
17
6
1
3
1
1
1
11
1
1
1
5
4
3
5
10
4
7
13
15
1
1
11
1
3
1
1
1
11
1
1
1
5
4
3
18
1
7
13
15
1
1
11
1
4
1
1
11
4
1
3
4
3
18
1
7
13
15
1
1
11
1
5
1
11
4
1
3
4
3
18
1
7
13
15
1
1
11
1
1
5
11
4
1
3
4
3
18
1
7
13
15
1
1
11
1
1
16
4
1
3
4
3
18
1
7
13
15
1
1
11
1
1
16
4
1
3
4
3
18
1
7
20
9
1
11
1
1
16
4
1
3
4
3
18
1
7
13
7
10
11
1
1
16
4
1
3
4
3
18
1
2
1
4
13
7
21
1
1
16
1
1
1
5
4
3
18
1
3
4
13
7
21
1
17
1
1
1
5
4
3
18
3
1
4
13
7
21
1
17
1
1
1
5
4
3
21
1
4
3
1
15
1
21
1
17
1
1
1
5
4
3
21
1
4
3
1
15
1
21
1
17
1
1
1
5
4
3
21
1
4
3
1
15
1
21
1
17
1
1
1
5
4
3
21
1
4
3
1
15
1
21
1
17
1
1
1
5
4
3
21
1
4
3
1
15
23
17
1
1
6
4
3
11
11
4
1
1
1
1
1
54
1
7
4
3
12
1
1
1
11
1
1
1
56
8
4
3
12
1
1
1
11
1
1
1
68
3
7
5
1
1
1
11
1
1
1
68
3
7
5
1
1
1
11
1
1
1
68
3
7
5
1
1
1
11
1
1
1
20
1
447
1100
416
2
11
2
4
16
4
2
14
2
14
1
28
2
11
2
4
16
4
2
14
2
43
2
11
2
4
2
12
2
4
2
14
2
43
2
11
2
4
2
12
2
4
2
14
2
62
16
84
16
84
16
84
16
349