28
27
28
27
28
27
28
39
27
38
27
28
27
28
39
27
38
27
28
27
28
39
27
38
27
28
27
28
39
27
38
27
28
27
28
39
27
38
27
28
41
27
41
42
28
27
28
39
27
38
27
28
41
27
41
42
38
28
27
28
27
54
27
28
39
27
38
27
28
27
38
28
27
28
27
54
27
41
43
39
27
28
27
28
27
38
28
27
28
27
54
27
41
43
39
27
28
27
28
27
38
28
27
28
27
54
27
41
43
27
28
27
28
27
38
28
27
28
27
54
27
28
27
28
27
38
28
27
28
27
54
27
28
27
28
27
38
28
27
28
27
57
56
54
27
28
27
28
27
38
28
27
28
27
28
57
56
54
27
28
27
28
27
38
28
27
28
27
28
57
56
27
38
27
28
27
38
42
41
27
57
27
28
27
28
57
27
38
27
28
27
42
41
27
57
27
28
27
38
27
28
27
54
27
54
27
38
27
28
27
54
27
54
27
38
27
28
27
54
27
54
27
38
27
28
27
54
27
54
27
38
42
41
28
27
54
27
54
27
38
42
41
28
27
39
27
38
42
41
28
27
39
27
39
27
42
41
28
27
39
27
39
27
28
27
39
27
39
27
28
27
28
27
39
27
39
27
28
27
39
27
39
27
28
27
28
27
28
27
39
27
38
27
28
27
28
27
39
27
38
27
28
27
28
27
28
27
39
27
38
27
28
27
28
27
39
27
38
27
28
27
28
27
28
27
39
27
38
27
28
27
28
27
39
27
38
27
28
27
28
27
28
27
39
27
38
27
28
27
28
27
39
27
38
27
28
27
28
27
28
27
28
27
28
27
28