-1
15
-1
15
-1
15
-1
19
-1
18
-1
16
-1
19
-1
18
-1
13
34
14
-1
16
-1
19
-1
18
-1
2
-1
13
34
14
-1
16
-1
19
-1
18
-1
2
-1
13
34
14
-1
16
-1
19
-1
18
-1
24
-1
0
-1
2
-1
13
-1
16
-1
19
-1
18
-1
23
24
-1
0
-1
2
1
-1
13
-1
19
-1
18
-1
23
24
-1
2
1
-1
13
-1
19
-1
23
-1
24
-1
2
1
-1
13
-1
19
-1
23
-1
24
-1
2
1
-1
32
-1
17
-1
19
-1
23
-1
24
-1
2
1
-1
32
-1
17
-1
19
-1
23
-1
24
-1
2
1
-1
12
-1
17
-1
19
-1
23
-1
24
-1
2
1
-1
12
-1
19
-1
23
-1
24
-1
2
1
-1
12
-1
19
-1
23
-1
24
-1
2
-1
12
-1
19
-1
3
-1
12
-1
19
-1
3
-1
12
-1
3
-1
21
20
-1
3
-1
21
20
-1
4
33
3
-1
11
-1
21
20
-1
4
33
3
-1
11
-1
21
20
-1
4
33
3
-1
11
-1
21
-1
5
-1
4
-1
10
-1
5
-1
5
8
9
-1
22
-1
8
9
-1
22
-1
8
9
-1
22
-1
6
7
-1
22
-1
31
-1
30
-1
26
35
27
-1
25
-1
30
-1
29
-1
26
35
27
-1
25
-1
30
-1
29
-1
26
35
27
-1
25
-1
30
-1
29
28
-1
26
-1
25
-1
30
-1
29
28
-1
26
-1
30
-1
29
28
-1
26
-1
30
-1
29
28
-1
26
-1
29
-1
29
-1
29
-1
29
-1