28
27
28
27
28
27
41
28
41
42
27
28
27
43
41
27
28
27
41
28
41
42
38
27
28
27
39
43
41
27
28
27
28
27
38
27
28
27
39
27
28
27
28
27
38
27
28
27
39
27
28
27
28
27
38
27
39
27
28
27
28
27
38
27
39
27
28
41
27
28
27
38
42
41
43
39
27
28
41
27
28
27
42
41
43
27
28
41
27
28
27
28
41
27
28
27
28
27
28
27
28
27
28
27
28
27
28
27
28
27
28
27
28
27
28
27
28
27
28
27
28
27
39
27
28
27
28
27
39
27
28
27
39
27
28
27
28
27
28
27
28
27
28
27
57
41
57
27
28
27
28
27
28
27
41
27
41
28
27
28
27
28
27
41
27
41
28
41
27
28
27
28
27
57
41
57
41
28
41
27
28
27
28
27
41
28
41
27
28
27
28
27
41
28
41
27
28
27
28
27
41
28
27
28
27
28
27
41
28
27
28
27
28
27
57
41
57
27
28
27
28
27
28
27
41
27
41
27
28
27
28
27
38
27
39
27
28
27
41
27
41
27
28
27
28
27
38
27
39
27
28
27
57
41
57
41
27
28
27
28
27
38
27
39
27
28
27
41
27
28
27
28
27
38
27
39
27
28
27
28
27
42
41
43
27
28
27
28
27
28
27
28
27
28
40
28
27
28
27
28
27
28
40
28
27
28
27
28
27
28
40
28
27
28
27
28
27
38
27
39
27
39
27
39
27
28
27
38
27
39
27
39
27
39
27
28
27
38
27
39
27
39
27
39
27
28
27
38
27
39
27
39
27
39
27
28
40
45
27
38
27
39
27
54
27
54
27
54
27
54
27
28
40
45
39
27
38
27
39
27
54
27
54
27
54
27
54
27
28
40
45
39
27
38
27
39
27
54
27
54
27
54
27
54
27
28
40
45
39
27
38
27
39
27
54
27
54
27
54
27
54
27
28
27
39
27
38
27
39
27
54
27
54
27
54
27
54
27
28
27
39
27
38
27
39
27
54
27
54
27
54
27
54
27
28
27
39
27
38
27
39
27
39
27
39
27
28
27
39
27
38
27
39
27
39
27
39
27
28
27
39
27
39
27
39
27
28
27
39
27
39
27
39
27
28