-1
26
-1
8
-1
26
-1
8
-1
26
-1
8
-1
4
-1
10
-1
26
-1
8
3
-1
9
5
-1
10
-1
25
-1
26
-1
8
3
-1
9
5
-1
10
-1
25
-1
8
3
-1
9
5
-1
11
19
-1
25
-1
27
-1
8
3
-1
9
5
-1
12
19
-1
28
-1
8
3
-1
9
5
-1
12
19
-1
8
2
-1
9
6
-1
12
19
-1
0
2
-1
9
6
-1
12
19
-1
0
1
-1
9
7
-1
13
20
-1
0
1
-1
9
7
-1
13
20
-1
29
30
-1
0
1
-1
9
7
-1
14
21
-1
29
30
31
-1
14
21
-1
29
-1
31
-1
14
21
-1
29
-1
31
-1
15
21
-1
29
-1
31
-1
18
17
16
15
21
-1
29
-1
18
24
23
22
-1
32
33
-1
32
33
-1
32
-1
34
-1
32
-1
39
-1
40
-1
44
-1
59
-1
34
-1
32
-1
39
-1
40
-1
44
-1
59
-1
34
35
-1
32
-1
39
-1
40
41
-1
44
-1
59
-1
58
-1
34
-1
39
-1
40
41
-1
44
-1
59
-1
58
-1
34
-1
39
-1
40
41
-1
44
-1
59
-1
58
-1
34
-1
39
-1
40
41
-1
44
-1
59
-1
58
-1
34
-1
39
-1
44
-1
59
-1
58
-1
36
-1
39
-1
44
-1
59
-1
58
-1
36
-1
39
-1
42
-1
44
-1
58
-1
36
-1
39
-1
42
-1
44
-1
61
-1
58
-1
36
-1
39
-1
42
43
-1
44
-1
60
-1
61
-1
58
-1
36
-1
39
-1
42
43
-1
44
-1
61
-1
58
-1
36
-1
39
-1
42
43
-1
44
-1
61
-1
37
-1
39
-1
42
43
-1
44
-1
61
-1
62
-1
37
-1
39
-1
44
-1
61
-1
62
-1
38
-1
39
-1
61
-1
39
-1
61
-1
53
-1
39
-1
53
-1
39
-1
53
-1
54
-1
39
-1
53
-1
54
-1
39
-1
45
-1
47
-1
45
-1
47
-1
63
-1
55
-1
45
46
-1
47
48
-1
63
-1
55
-1
45
-1
47
-1
63
-1
55
-1
55
-1
49
-1
51
-1
49
-1
51
-1
56
-1
49
50
-1
51
52
-1
57
-1
49
-1
51
-1