19
37
44
19
37
44
19
37
17
6
13
8
8
1
9
1
10
8
19
17
6
13
8
19
10
8
7
5
43
8
19
10
8
7
5
22
10
11
8
19
11
40
1
10
1
18
19
11
40
1
10
1
18
19
11
40
1
10
1
18
19
11
40
1
10
1
18
8
11
11
40
1
10
1
18
8
11
11
40
12
18
8
11
11
70
8
11
11
70
30
18
16
36
30
18
16
1
1
34
30
18
16
36
30
70
29
1
70
20
1
1
1
77
20
1
1
1
32
16
29
20
1
1
1
32
16
29
19
36
16
29
19
21
4
38
1
4
1
4
1
7
13
1
5
21
4
38
1
4
1
4
1
4
3
13
1
5
21
4
38
1
4
1
4
1
4
3
13
1
5
6
1
14
4
38
1
4
1
4
1
4
3
7
6
1
5
6
1
56
1
9
1
4
3
13
1
5
6
1
56
1
9
1
4
3
7
6
1
11
1
56
1
9
1
4
3
7
18
1
29
20
7
1
9
1
4
3
7
18
1
29
20
7
1
4
1
4
1
7
7
18
1
29
20
7
1
4
1
4
1
7
8
11
1
37
16
9
1
4
1
4
1
7
8
11
1
37
16
9
1
4
1
4
1
7
8
11
1
37
16
9
1
9
1
7
8
11
1
37
16
9
1
17
8
11
6
32
16
9
1
17
8
74
1
17
8
27
6
41
1
17
8
27
6
41
1
17
8
27
6
41
1
17
7
25
1
1
8
1
1
19
1
1
1
10
1
1
1
21
7
25
1
1
8
1
1
19
1
1
1
10
1
1
1
21
7
25
1
1
8
1
1
19
1
1
1
10
1
1
1
21
7
25
1
1
8
1
1
18
1
1
1
1
9
1
1
1
1
21
7
12
13
1
1
8
1
1
18
3
10
3
22
18
1
13
1
1
8
1
1
18
3
10
3
22
7
10
1
1
13
1
1
8
1
1
18
3
10
3
22
16
1
1
1
13
1
1
8
1
1
18
3
10
3
22
16
1
1
1
13
1
1
8
1
1
18
3
10
3
22
16
1
1
1
13
1
1
8
1
1
18
3
10
3
22
16
1
1
1
13
1
1
8
1
1
18
1
1
1
1
9
1
1
1
1
21
16
1
1
1
13
1
1
8
1
1
19
1
1
1
10
1
1
1
21
16
1
1
1
44
1
1
1
10
1
1
1
21
16
1
1
1
44
1
1
1
10
1
1
1
21
15
47
13
25
15
47
13
25
15
47
13
25
15
47
13
25