70
9
27
13
51
9
27
13
51
3
33
2
1
9
9
2
41
3
33
2
1
8
1
1
8
2
18
2
23
1
33
2
1
8
1
1
8
2
19
1
57
2
1
8
1
1
9
1
1
18
1
23
7
27
2
1
8
1
1
9
1
1
42
7
27
2
1
8
1
1
9
1
1
76
2
1
8
1
1
9
1
1
74
4
1
8
1
1
9
1
1
74
4
1
8
1
1
9
1
1
75
3
1
8
1
1
9
1
1
16
9
10
41
2
1
8
1
1
9
1
1
16
9
10
2
61
1
1
16
2
16
3
61
1
1
16
2
16
1
62
2
1
16
2
16
1
53
6
2
1
2
1
17
1
70
1
5
2
3
24
11
8
81
11
8
81
2
83
6
9
2
25
4
1
2
3
4
17
4
23
6
9
2
25
4
1
4
1
4
17
4
23
2
4
10
1
25
2
3
2
1
2
2
19
2
10
4
11
2
40
2
3
2
1
2
2
19
2
10
4
11
2
40
2
3
2
1
2
2
19
2
10
2
13
2
40
2
3
2
1
2
2
19
2
10
2
13
2
40
2
8
2
19
2
10
2
28
23
4
2
8
2
19
2
10
2
28
23
4
2
3
2
3
2
31
2
28
2
25
2
3
4
1
2
25
4
2
2
28
2
25
2
3
2
1
2
2
15
1
9
4
2
2
28
2
25
2
3
2
1
2
2
25
2
4
2
28
2
25
2
3
2
1
2
2
25
2
38
15
8
2
3
2
1
2
2
25
2
1
6
31
15
8
2
8
2
25
2
1
6
32
14
8
2
35
2
61
2
35
2
14
2
45
2
50
3
45
2
49
4
6
4
35
2
49
4
6
4
35
2
178
6
7
6
81
6
7
6
21
7
24
13
17
1
4
8
1
4
21
7
24
14
16
1
12
1
25
7
24
1
99
1
228
6
7
6
81
6
7
6
52
13
17
1
4
8
1
4
52
13
17
1
12
1
625