256
41
11
89
11
29
7
5
22
1
1
6
1
1
11
5
11
29
7
5
21
1
1
1
6
1
1
1
10
5
11
22
4
36
2
1
6
1
2
15
11
22
4
36
2
1
6
1
2
15
11
22
4
36
2
8
2
15
11
22
4
36
2
8
2
15
11
11
11
4
36
1
1
8
1
1
15
11
11
11
4
36
1
10
1
15
11
11
11
4
63
11
11
11
4
63
3
30
4
63
3
30
4
63
3
30
4
63
3
30
4
21
9
33
3
30
4
21
9
33
10
12
4
32
9
33
10
12
4
74
10
12
4
74
10
12
4
74
10
12
4
57
2
1
4
1
4
5
10
12
4
57
2
5
1
4
1
14
12
4
57
2
5
1
4
1
14
7
5
6
55
2
1
4
1
4
5
10
7
5
6
55
2
10
5
10
7
5
6
55
2
11
4
10
7
5
6
55
2
11
4
10
12
6
55
2
11
4
10
12
6
55
2
1
4
1
4
5
10
12
6
55
2
5
1
4
1
4
10
13
5
32
1
14
1
7
2
5
1
4
1
4
10
13
5
32
1
14
1
7
2
1
4
1
4
1
4
10
13
5
32
1
14
1
7
2
10
1
4
10
13
5
32
1
14
1
7
2
15
10
50
1
14
1
7
2
15
10
73
2
15
10
25
3
6
3
36
2
15
10
25
3
6
3
36
2
15
10
25
3
6
3
14
24
15
10
25
3
6
3
18
4
9
4
18
10
25
3
6
3
18
4
9
4
18
10
25
3
6
3
18
4
9
4
18
10
25
3
6
3
18
4
9
4
18
10
11
1
13
3
6
3
18
1
2
1
9
1
2
1
18
10
10
1
1
13
3
6
3
18
1
2
1
9
1
2
1
18
10
9
1
2
13
3
6
3
18
1
2
1
9
1
2
1
18
10
8
1
3
13
3
6
3
18
1
2
1
9
1
2
1
18
10
8
4
13
3
6
3
18
1
2
1
9
1
2
1
18
10
8
4
13
3
6
3
18
1
2
1
9
1
2
1
18
10
8
4
13
3
6
3
18
4
9
4
18
10
8
4
13
3
6
3
18
4
9
4
18
10
8
4
43
4
9
4
18
10
8
4
43
4
9
4
18
403