6
8
12
6
8
12
6
8
12
9
12
14
6
4
6
4
10
8
10
12
9
12
14
6
10
8
12
14
12
14
6
10
8
13
14
13
12
13
14
6
10
14
13
12
13
14
6
10
14
13
12
13
14
6
10
14
13
12
13
14
6
10
14
13
12
13
14
10
6
10
14
13
12
13
14
10
7
10
14
13
14
10
8
10
14
10
9
10
14
10
14
12
14
10
14
12
14
11
14
10
14
12
14
10
14
10
8
14
10
11
12
13
14
10
11
12
13
14
12
14
10
11
12
13
14
12
14
10
14
12
14
10
14
12
14
12
16
13
16
12
14
10
8
10
14
11
14
12
16
14
16
12
17
22
10
8
10
14
11
14
12
16
15
16
13
17
22
10
8
11
14
12
14
12
14
12
18
16
18
14
17
22
10
11
9
12
14
12
14
12
18
15
18
22
12
10
13
14
12
14
12
18
16
19
22
12
13
11
14
12
14
12
18
16
20
22
12
14
12
14
12
14
12
18
16
21
22
12
14
12
14
12
14
12
20
17
20
16
22
12
14
12
14
12
14
12
20
18
20
16
22
12
14
12
14
13
14
12
20
19
20
17
22
12
14
12
14
13
14
12
22
20
22
18
22
12
14
12
14
13
14
12
22
19
22
12
14
12
14
13
14
12
22
12
14
12
14
13
14
12
22
12
14
12
22
12
14
13
14
12
22
12
14
12
14
12
22
12
14
11
14
12
22
12
14
13
12
11
12
13
14
15
16
17
18
19
20
21
22
12
14
13
12
11
12
13
14
15
16
17
18
19
20
21
22
12
14
13
12
11
12
13
14
15
16
17
18
19
20
21
22
12
14
13
12
11
12
13
14
13
14
15
16
18
17
18
19
20
22
12
13
14
13
12
11
12
13
14
16
18
20
22
12
13
14
11
10
9
10
11
14
16
18
20
22
10
11
12
13
14
13
12
11
12
13
14
16
18
20
22
10
11
12
13
14
13
12
11
12
13
14
16
18
20
22
10
11
12
13
14
13
12
11
12
13
14
16
18
20
22
10
11
12
13
14
13
12
11
12
13
14
16
18
20
22
10
11
12
13
14
13
12
11
12
13
14
13
14
15
16
18
17
18
19
20
22
10
11
12
13
14
13
12
11
12
13
14
15
16
17
18
19
20
21
22
10
11
12
13
14
15
16
17
18
19
20
21
22
10
11
12
13
14
15
16
17
18
19
20
21
22
10
14
18
22
10
14
18
22
10
14
18
22
10
14
18
22