470
3
7
7
83
3
8
6
37
6
4
8
28
3
51
6
4
8
28
3
51
6
4
8
28
3
51
6
4
8
28
2
52
6
4
8
82
6
4
8
82
6
4
8
82
6
4
8
82
6
4
8
82
6
4
8
82
6
4
8
82
6
4
8
10
4
8
6
64
8
10
4
8
6
69
6
7
4
8
6
69
6
62
4
28
6
38
3
21
4
5
4
19
6
38
4
20
4
5
4
63
5
19
4
5
4
87
4
5
4
96
4
6
1
99
3
11
4
82
4
10
4
82
4
10
4
82
4
10
4
27
5
50
4
10
4
27
5
17
4
29
4
41
5
17
4
10
1
18
4
43
3
17
4
10
1
85
4
10
1
75
9
1
4
10
1
75
10
4
10
1
75
10
14
1
75
10
42
6
42
10
42
6
42
10
42
6
42
10
48
3
39
10
48
3
97
3
97
3
97
3
188
3
6
3
88
3
6
3
88
3
6
3
88
3
6
3
97
3
756