-1
0
-1
0
-1
0
-1
0
-1
0
-1
0
-1
1
-1
1
-1
24
-1
1
-1
24
-1
1
-1
23
-1
24
-1
1
-1
23
-1
24
-1
1
-1
23
-1
24
-1
23
-1
24
-1
24
-1
24
-1
24
-1
22
-1
24
-1
2
-1
22
-1
24
-1
2
-1
22
-1
24
-1
2
-1
8
-1
22
21
-1
24
-1
2
-1
8
-1
25
-1
2
-1
8
-1
11
-1
25
-1
29
-1
2
-1
8
6
-1
11
-1
25
-1
29
-1
3
-1
8
6
-1
11
-1
20
-1
25
-1
29
-1
3
-1
8
6
-1
11
10
-1
20
-1
25
-1
29
-1
3
-1
8
6
-1
13
-1
20
-1
25
-1
3
-1
8
6
-1
13
-1
20
-1
25
-1
3
-1
8
6
-1
13
-1
25
-1
30
-1
4
-1
8
6
-1
13
12
-1
25
-1
30
-1
4
-1
9
7
-1
25
-1
30
-1
4
-1
9
7
-1
25
-1
30
-1
5
4
-1
9
7
-1
25
-1
30
-1
5
-1
9
7
-1
19
-1
25
-1
30
-1
5
-1
9
7
-1
19
-1
5
-1
9
7
-1
19
-1
5
-1
9
7
-1
19
-1
5
-1
19
-1
5
-1
19
-1
19
-1
14
-1
19
-1
14
-1
19
-1
14
-1
14
-1
17
18
-1
17
18
-1
17
18
-1
27
-1
15
16
-1
27
-1
27
-1
27
26
-1
28
-1
28
-1
28
-1
28
-1
28
-1
28
-1