205
14
5
47
1
10
1
15
7
14
5
47
1
10
1
15
7
14
5
47
1
10
1
15
7
14
5
19
1
27
11
1
15
7
14
5
19
1
1
26
11
1
15
7
14
5
19
2
1
25
27
7
14
5
19
3
1
24
27
7
14
5
19
4
51
7
14
5
19
4
51
7
14
5
19
4
51
7
1
11
1
1
1
4
19
4
51
7
1
11
1
2
1
3
19
4
51
7
16
3
19
4
51
7
16
3
19
4
51
7
16
3
20
3
51
7
16
3
20
3
14
1
2
1
33
7
16
3
20
3
14
1
1
1
1
33
7
16
3
20
3
14
2
2
33
7
16
3
20
3
14
2
2
33
7
16
3
20
3
14
2
2
33
7
16
3
19
4
14
2
2
33
5
18
3
19
4
14
2
2
33
5
18
3
19
4
14
2
2
33
5
18
3
19
4
14
2
2
25
3
5
5
18
3
19
4
14
2
2
25
3
5
5
18
3
19
4
14
1
1
1
1
25
3
5
5
40
4
14
1
2
1
33
5
40
4
51
5
40
4
51
5
18
3
19
4
51
5
18
3
19
4
51
5
18
3
19
4
43
3
5
5
18
3
19
4
43
3
5
5
18
3
19
4
43
3
5
5
18
3
19
4
51
5
18
3
19
4
51
5
18
3
19
4
51
5
18
3
19
4
51
5
18
3
19
4
51
7
16
3
19
4
51
7
16
3
19
4
51
7
16
3
19
4
51
7
16
3
74
7
16
3
74
7
16
3
39
1
13
1
20
7
16
3
39
1
1
11
1
1
20
7
16
3
39
2
11
2
20
7
16
8
4
30
2
11
2
20
7
16
8
4
30
2
11
2
20
7
16
8
4
30
2
11
2
20
7
16
8
4
30
2
11
2
20
7
16
8
4
30
2
11
2
20
7
16
8
4
30
2
11
2
20
7
16
8
4
30
2
11
2
20
7
16
8
4
30
2
11
2
20
302