25
53
5
17
25
53
5
17
18
2
1
1
1
1
47
11
18
6
11
1
2
1
1
1
1
47
11
18
6
11
1
2
1
1
1
1
47
11
18
6
11
1
2
1
1
1
1
47
11
18
6
11
1
2
1
1
1
1
20
27
11
18
6
11
1
2
1
1
1
1
20
1
26
29
6
11
1
2
1
1
1
1
20
1
1
25
29
6
11
1
2
1
1
1
1
20
1
1
1
53
6
11
1
2
1
1
1
1
20
1
1
1
53
6
11
1
2
1
1
1
1
20
1
1
1
53
6
11
1
2
1
1
1
1
20
1
1
1
53
6
11
1
3
1
1
1
20
1
1
1
33
5
15
6
11
1
4
1
1
20
1
1
1
33
5
15
22
1
1
15
5
1
1
1
33
5
15
22
1
1
15
6
1
1
33
5
15
22
1
1
15
6
1
1
14
4
15
5
15
22
1
1
15
6
1
1
14
1
2
1
15
5
15
22
1
1
15
6
1
1
14
1
2
1
15
5
15
22
1
1
15
6
1
1
14
1
2
1
15
5
15
22
1
1
15
6
1
1
14
1
2
1
15
5
15
22
1
1
20
1
1
1
14
1
2
1
15
5
15
3
3
16
1
1
20
1
1
1
14
1
2
1
35
3
3
16
1
1
20
1
1
1
14
1
2
1
35
3
3
16
1
1
20
1
1
1
14
1
2
1
25
3
7
3
3
16
1
1
20
1
1
1
14
1
2
1
15
2
3
5
3
7
3
3
16
1
1
20
1
1
1
14
1
2
1
15
2
3
5
3
7
3
3
15
1
1
21
1
1
1
14
4
15
2
3
15
3
3
15
1
1
16
5
1
1
1
33
2
3
15
3
3
15
1
1
21
1
1
1
33
2
3
15
3
3
16
1
1
20
1
1
1
33
2
3
15
3
3
16
1
1
20
1
1
1
33
2
3
15
3
3
16
1
1
20
1
1
1
33
2
3
5
3
7
3
3
16
1
1
20
1
1
1
33
2
3
5
3
7
3
3
16
1
1
20
1
1
1
33
2
3
5
3
7
3
3
16
1
1
20
1
1
1
53
3
3
16
1
1
20
1
1
1
53
3
3
16
1
1
10
9
1
1
1
1
53
3
3
16
1
1
10
9
1
1
1
1
53
3
3
16
1
1
10
9
1
1
1
1
53
22
1
1
10
9
1
1
1
1
53
22
1
1
10
9
1
1
1
1
53
22
1
1
10
9
1
1
1
1
53
22
1
1
13
1
1
1
60
18
4
1
1
13
1
1
1
60
21
16
1
1
1
23
15
22
21
16
1
1
1
23
1
13
1
22
21
16
1
1
1
23
1
13
1
22
21
9
1
1
1
30
1
13
1
22
21
9
1
1
1
30
1
13
1
22
21
9
1
1
1
30
1
13
1
22
21
9
1
1
1
30
1
13
1
22
21
9
1
1
1
30
1
13
1
22
21
9
1
1
1
30
1
3
7
3
1
22
21
9
1
1
1
30
1
3
7
3
1
22
21
9
1
1
1
30
1
3
7
3
1
22
21
8
71
21
8
71
21
8
71