314
3
97
3
97
3
97
3
97
3
97
3
97
3
97
3
60
8
29
3
60
8
29
3
19
11
30
8
29
3
19
11
30
3
34
3
19
11
30
3
56
3
38
3
97
3
97
3
97
3
56
11
30
3
20
6
30
11
30
3
20
6
30
11
30
3
20
6
2
4
24
3
8
30
3
20
3
5
4
65
8
15
3
5
4
6
6
53
8
2
3
10
3
5
3
1
6
6
53
8
2
3
10
3
5
3
1
6
6
12
11
30
3
7
3
10
3
5
3
1
6
3
3
12
11
30
3
7
3
10
3
5
3
1
6
6
12
11
30
3
20
3
5
3
1
6
6
12
3
38
3
20
3
5
3
1
6
6
53
3
7
6
7
3
5
3
1
6
3
3
53
3
7
6
7
3
5
3
1
65
3
7
6
7
3
5
3
1
65
3
7
3
10
2
1
5
3
1
65
3
7
3
10
3
5
3
1
19
12
34
3
7
3
10
3
5
3
1
19
12
57
3
5
3
1
19
12
57
3
5
3
1
19
3
66
3
28
3
66
3
28
3
97
3
81
9
7
3
81
9
7
3
81
9
91
3
6
9
8
83
9
8
83
9
8
23
10
50
9
8
23
10
90
10
90
3
7
90
10
90
10
90
10
90
3
97
3
97
3
333