125
4
96
4
489
4
96
4
96
4
96
4
96
4
359
1
7
3
6
83
1
7
3
6
83
1
7
3
6
83
1
99
1
43
4
52
1
43
4
96
4
96
4
7
89
4
7
82
4
7
7
82
4
7
7
82
4
7
7
40
11
31
4
7
7
40
11
22
4
5
4
7
7
40
11
22
4
16
7
40
11
22
4
1
4
4
7
7
40
11
22
4
1
4
4
7
7
40
11
22
4
1
4
4
7
80
4
1
4
4
7
73
1
6
4
1
4
4
7
73
1
6
4
1
4
84
1
6
4
1
4
84
1
6
4
1
4
84
1
6
4
1
4
84
1
16
8
82
5
2
11
82
5
2
11
82
5
2
11
82
5
2
11
82
5
2
11
82
5
2
11
79
4
9
8
75
1
3
4
21
6
8
5
52
1
3
4
21
6
8
5
52
1
3
4
21
6
8
7
50
1
3
4
21
6
8
7
50
1
28
6
8
7
50
1
13
3
12
6
8
7
64
3
12
6
8
7
64
3
12
6
8
5
66
3
12
6
8
5
66
3
381