27
28
27
28
27
39
27
39
27
28
27
39
27
39
27
28
27
39
27
39
27
28
27
28
27
39
27
39
27
28
27
28
27
39
27
39
27
28
27
38
28
27
28
27
28
27
38
28
27
44
40
45
27
28
27
28
27
38
28
27
38
27
39
27
28
27
28
27
38
28
27
38
27
39
27
28
27
28
27
38
28
27
42
41
43
27
28
27
28
27
28
27
38
28
27
28
27
28
27
28
27
28
27
38
28
27
28
27
28
27
28
27
28
27
38
28
27
38
28
57
27
41
28
41
28
27
54
27
38
28
57
27
41
28
41
28
27
54
27
38
28
27
41
28
41
28
27
54
27
38
28
27
28
27
28
27
54
27
38
28
27
28
27
28
27
54
27
38
42
41
27
28
27
54
27
38
42
41
27
28
27
54
27
42
41
27
28
27
54
27
54
27
28
27
28
27
28
27
28
27
28
27
28
27
28
27
28
27
28
27
28
39
27
28
27
28
39
27
28
27
28
39
27
28
27
28
39
27
28
27
28
39
27
28
27
28
39
27
28
27
28
39
27
28
27
28
39
27
28
39
27
39
27
54
27
54
27
28
27
54
27
28
27
54
27
44
40
45
27
44
40
45
27
28
27
54
27
38
27
39
27
38
27
39
27
28
27
54
27
42
41
43
27
42
41
43
27
28
27
39
27
28
27
39
27
39
27
28
27
39
27
39
27
28
27
39
27
39
27
43
41
27
41
42
27
28
27
39
27
39
27
39
27
38
27
28
27
39
27
39
27
39
27
38
27
28
27
39
27
39
27
39
27
38
27
28
27
39
27
39
27
45
40
27
40
44
27
28
27
39
27
39
27
28
27
39
27
39
27
28
27
28
27
39
27
39
27
28
27
28
27
28
27
28
27
28
27
28
27
28
27
28
27
28
27
28
27
28