-1
15
-1
15
-1
14
-1
14
-1
14
-1
14
-1
14
-1
16
2
-1
3
-1
16
2
-1
3
-1
16
2
-1
3
-1
16
-1
16
-1
13
-1
16
-1
13
-1
13
-1
13
9
-1
13
9
-1
8
-1
9
-1
8
-1
9
-1
8
-1
9
-1
17
-1
8
-1
9
-1
17
-1
7
-1
8
-1
9
-1
17
-1
7
-1
9
-1
17
-1
7
-1
6
-1
12
9
-1
17
-1
7
-1
6
-1
12
9
-1
17
-1
7
-1
6
-1
12
-1
7
-1
6
-1
12
-1
18
-1
7
-1
6
-1
12
-1
18
-1
7
-1
6
-1
18
-1
7
-1
6
-1
18
-1
7
-1
6
-1
18
-1
7
-1
6
-1
18
-1
1
-1
0
-1
1
-1
0
-1
1
-1
0
-1
1
-1
0
-1
1
-1
0
-1
1
-1
0
-1
1
-1
4
-1
1
-1
19
-1
4
-1
10
-1
11
-1
19
-1
4
-1
10
-1
11
-1
19
-1
4
-1
10
-1
11
-1
19
-1
4
-1
10
-1
11
-1
19
-1
10
-1
11
-1
19
-1
5
-1
10
-1
11
-1
5
-1
10
-1
11
-1
5
-1
10
-1
11
-1
5
-1
10
-1
11
-1
5
-1