48
2
1
6
21
3
37
11
19
2
1
5
1
21
3
37
11
19
2
1
5
1
21
3
19
3
16
10
19
2
1
5
1
38
3
2
3
14
12
19
2
1
5
1
38
3
2
3
14
12
19
2
1
5
1
38
3
19
3
35
2
38
3
21
3
4
2
27
2
21
4
13
3
21
3
4
2
3
14
10
2
21
4
13
3
21
3
4
2
3
14
10
2
21
4
13
3
21
3
4
2
3
14
10
2
21
3
1
8
6
2
21
3
4
2
3
3
21
2
21
3
1
8
7
1
21
3
1
5
3
3
1
9
11
2
21
3
1
8
8
21
3
1
5
3
3
1
9
11
2
12
2
1
6
3
38
3
9
3
21
5
9
2
1
6
3
8
3
3
3
57
5
9
2
1
6
3
8
3
3
3
22
5
30
2
11
3
1
6
3
7
4
3
3
22
5
30
2
11
3
1
6
3
7
4
3
3
22
5
43
3
1
6
3
7
4
3
3
22
1
4
43
3
1
23
3
70
3
1
23
3
70
3
1
23
3
2
3
16
4
1
5
71
3
16
4
1
5
71
3
16
3
97
3
4
2
82
9
3
4
2
82
9
3
1
5
82
9
3
1
5
82
3
97
3
97
3
97
3
97
3
30
5
20
3
9
5
25
3
30
5
20
3
9
5
15
7
6
6
24
2
26
2
7
2
25
6
6
24
2
26
2
7
2
25
6
6
24
2
2
11
8
14
2
2
9
2
5
7
6
6
25
1
2
11
8
15
1
2
9
2
5
7
3
9
25
1
2
11
8
15
1
2
9
2
5
44
1
2
3
31
1
2
3
8
3
46
1
2
3
31
1
2
3
8
3
9
12
25
1
2
3
31
1
2
3
8
3
9
12
9
4
12
1
2
3
31
1
2
3
8
3
2
3
4
12
9
4
12
1
2
3
31
1
2
3
8
3
2
3
4
12
9
4
12
1
2
3
31
1
2
3
8
3
2
3
4
3
9
9
3
13
1
2
3
31
1
2
3
8
3
46
1
2
3
30
2
2
3
8
3
9
12
25
1
2
3
30
2
2
3
8
3
9
12
25
1
35
2
13
3
9
12
25
1
50
3
9
3
34
1
2
11
8
18
11
3
46
1
2
11
8
18
11
3
46
1
2
11
8
14
2
2
11
3
5
10
31
1
2
3
30
2
2
3
16
10
31
1
2
3
30
2
2
3
16
10
31
1
2
3
31
1
2
3
57
1
2
3
31
1
2
3
57
1
2
3
31
1
2
3
57
1
2
3
31
1
2
3
13