32
25
15
9
40
1
1
4
1
1
21
1
5
1
24
40
1
1
4
1
1
21
1
5
1
24
40
1
1
4
1
1
21
1
5
1
41
23
1
1
4
1
1
21
1
5
1
41
23
1
1
4
1
1
21
1
5
1
41
2
3
17
3
5
1
21
1
1
5
41
2
3
19
1
5
1
21
1
1
5
6
4
31
2
3
19
1
5
1
21
1
1
5
6
4
31
2
3
19
1
5
1
21
1
1
5
6
4
31
2
3
19
1
5
1
21
1
1
5
6
4
14
1
16
2
3
19
1
5
1
5
11
5
1
1
5
24
1
16
2
3
19
1
5
1
5
1
9
1
5
1
1
5
24
1
16
2
3
19
1
5
1
5
1
9
1
5
1
1
5
24
41
1
6
5
11
5
1
1
20
9
1
6
4
8
22
1
1
26
1
1
20
9
1
6
4
6
2
22
1
1
26
1
1
5
15
9
1
6
4
6
2
22
1
1
26
1
1
5
15
9
1
6
4
6
2
22
1
1
26
1
1
20
9
1
6
4
6
2
22
1
1
26
1
1
20
26
2
22
1
1
26
1
21
26
2
22
1
1
26
22
26
2
22
1
1
76
22
1
1
76
22
1
6
71
3
19
1
5
1
71
3
19
1
5
1
7
64
3
19
1
5
1
7
64
3
19
1
5
1
7
64
3
10
10
6
7
64
3
10
1
2
1
1
1
17
64
3
10
1
2
1
1
1
17
64
3
10
1
2
1
1
1
17
64
3
10
1
2
1
1
1
17
64
3
10
1
2
1
1
1
17
64
3
10
1
2
1
1
1
17
9
26
2
7
2
18
3
10
1
2
1
1
1
17
9
26
2
7
2
18
3
10
1
2
1
1
1
17
9
26
11
18
3
10
1
2
1
1
1
17
9
26
11
18
10
4
1
1
1
1
1
17
9
26
11
18
13
1
1
21
9
5
16
5
11
5
6
5
2
13
1
1
21
9
5
16
5
11
5
6
5
2
13
1
1
21
9
5
16
5
11
5
6
5
2
13
1
1
21
9
5
3
4
2
4
3
5
11
5
6
5
2
13
1
1
21
9
5
3
4
2
4
3
5
11
5
6
5
2
13
1
1
21
9
5
3
4
2
4
3
5
11
5
6
5
2
10
4
1
1
1
1
1
12
1
4
9
5
16
5
11
5
6
5
2
3
8
1
1
4
1
1
17
9
5
16
5
11
5
6
5
2
3
8
1
1
4
1
1
17
9
5
16
5
11
5
6
5
2
3
8
1
1
4
1
1
17
9
26
11
16
2
3
8
1
1
4
1
1
17
9
22
19
12
2
3
7
1
1
1
4
1
1
17
9
22
19
12
2
3
8
1
1
4
1
1
17
9
22
19
12
2
3
8
1
1
4
1
1
17
9
26
11
16
2
3
8
1
1
4
1
1
17
9
5
16
5
11
5
13
3
8
1
1
4
1
1
17
9
5
16
5
11
5
13
3
8
1
1
4
1
1
17
9
5
16
5
11
5
13
13
23
9
5
16
5
11
5
13
13
23
9
5
16
5
11
5
13
13
23
9
5
16
5
11
5
13