32
25
25
18
20
3
3
3
53
18
20
3
3
3
70
1
20
3
3
3
53
6
11
1
20
3
3
3
53
6
11
1
20
3
3
3
70
1
50
3
4
42
3
21
5
22
3
4
6
1
2
1
32
3
21
5
22
3
4
6
1
2
1
32
3
21
5
22
3
4
6
1
2
1
32
3
21
5
22
3
4
6
1
2
1
15
6
11
3
21
5
22
3
4
25
6
11
3
21
5
7
9
6
3
4
25
6
11
1
23
5
7
9
6
3
4
93
3
19
9
1
6
4
6
2
22
3
25
3
19
9
1
6
4
6
2
22
3
25
3
4
25
6
4
6
2
22
3
25
3
4
31
4
6
2
22
3
25
3
19
16
4
6
2
22
3
25
2
1
19
26
2
22
3
25
1
1
20
26
2
22
3
25
1
21
26
2
22
3
97
3
198
5
72
2
21
5
72
2
21
5
72
2
21
5
72
2
98
2
12
1
4
81
2
12
1
4
81
2
12
1
4
81
2
12
1
4
81
2
12
1
4
81
2
12
1
4
81
2
12
1
4
81
2
12
1
4
95
1
4
94
6
94
3
97
3
83
1
13
3
83
1
13
3
37
1
2
1
2
1
2
1
36
1
13
3
37
1
2
1
2
1
2
1
36
1
13
3
37
1
2
1
2
1
2
1
36
1
13
6
80
1
10
3
3
3
80
3
8
3
3
3
80
3
8
3
3
3
47
1
4
11
4
1
12
3
8
3
3
3
47
1
19
1
12
3
8
3
3
3
47
1
19
1
12
3
8
3
3
3
47
1
19
1
12
3
8
3
3
3
47
1
4
11
4
1
12
3
8
3
3
3
80
3
8
3
3
3
32
14
23
14
8
3
3
3
32
14
23
14
11
6
32
14
23
24
1
6
32
14
23
24
1
6
32
14
23
12