-1
7
8
15
-1
16
-1
3
-1
7
8
13
14
-1
16
-1
3
-1
7
8
11
12
-1
16
-1
0
-1
2
-1
7
8
11
12
-1
17
-1
0
-1
1
-1
7
8
11
12
-1
17
-1
0
-1
1
-1
7
8
9
10
-1
17
-1
1
-1
29
-1
17
-1
62
-1
4
-1
29
-1
20
-1
17
-1
62
-1
4
-1
5
-1
29
-1
20
-1
17
-1
62
-1
4
-1
5
-1
29
-1
20
-1
17
-1
62
-1
4
-1
5
-1
29
-1
20
-1
19
18
17
-1
62
-1
4
-1
5
-1
29
-1
20
-1
19
18
17
-1
62
-1
4
-1
5
-1
6
-1
29
-1
20
-1
19
18
-1
62
-1
4
-1
5
-1
6
-1
29
-1
25
23
-1
20
-1
62
-1
5
-1
28
27
25
23
-1
20
-1
21
-1
22
-1
28
27
25
23
-1
20
-1
21
-1
22
-1
31
-1
28
-1
26
24
-1
20
-1
21
-1
22
-1
31
-1
28
-1
26
24
-1
20
-1
21
-1
22
-1
31
-1
26
24
-1
20
-1
21
-1
22
-1
31
30
-1
26
24
-1
22
-1
26
24
-1
22
-1
26
24
-1
22
-1
40
-1
33
-1
32
-1
40
-1
33
-1
32
-1
40
-1
33
-1
33
-1
45
-1
34
33
-1
45
-1
34
33
-1
45
-1
34
33
-1
45
-1
34
-1
34
-1
34
-1
34
-1
34
-1
55
-1
56
50
57
-1
34
-1
55
61
56
50
57
61
-1
35
36
-1
55
-1
50
-1
57
-1
35
36
-1
55
-1
50
-1
57
-1
35
36
-1
55
-1
48
49
-1
57
-1
51
-1
54
-1
35
36
-1
60
-1
48
49
-1
60
-1
51
-1
54
-1
35
37
-1
60
-1
48
49
-1
60
-1
51
-1
54
-1
60
-1
48
-1
60
-1
51
-1
54
-1
60
-1
48
-1
60
-1
51
-1
54
-1
39
-1
60
-1
48
-1
60
-1
51
-1
54
-1
39
-1
44
-1
60
-1
48
-1
60
-1
51
-1
54
-1
41
-1
39
-1
44
-1
60
-1
48
-1
60
-1
51
-1
54
-1
41
-1
39
-1
44
-1
60
-1
48
-1
60
-1
51
-1
53
-1
41
-1
39
38
-1
44
-1
60
-1
48
-1
60
-1
51
-1
53
-1
60
-1
48
-1
58
-1
51
-1
53
-1
42
-1
60
-1
48
-1
58
-1
51
-1
53
-1
42
-1
60
-1
58
-1
53
-1
42
-1
60
-1
53
-1
42
-1
60
-1
46
47
-1
52
53
-1
60
-1
46
47
-1
52
53
-1
60
-1
46
47
-1
59
-1
52
53
-1
43
-1
60
-1
46
-1
59
-1
52
-1
43
-1
60
-1
46
-1
59
-1
52
-1
43
-1
60
-1
46
-1
60
-1
52
-1
60
-1
46
-1
60
-1
52
-1
60
-1
46
-1
60
-1
52
-1
60
-1
46
-1
60
-1
52
-1