19
10
57
13
20
10
57
13
20
10
57
13
4
55
28
13
4
96
4
96
4
96
4
96
4
96
4
96
4
96
4
54
3
1
4
34
4
51
7
4
34
4
51
7
4
34
4
51
7
4
34
4
51
7
4
34
4
51
7
4
34
4
7
5
11
15
9
3
2
5
1
4
34
4
51
7
1
3
34
5
5
7
9
17
7
5
8
1
2
34
5
5
7
9
17
7
5
9
1
1
34
5
5
7
9
17
7
5
10
1
34
5
12
9
3
14
7
50
5
21
3
71
5
21
3
71
5
12
9
3
71
4
1
5
16
3
71
4
1
5
16
3
71
4
1
5
16
3
71
4
24
1
71
4
24
1
71
4
24
1
71
4
24
1
71
4
24
1
45
7
19
4
24
1
45
7
19
4
24
1
45
7
19
4
24
1
45
7
19
4
24
1
7
1
18
1
18
7
19
4
9
15
1
7
1
1
16
1
1
18
7
19
4
8
1
23
2
16
2
18
7
19
4
8
1
23
2
16
2
18
7
19
4
8
1
23
2
16
2
18
7
19
4
8
1
23
2
16
2
18
7
19
4
8
1
23
2
16
2
44
4
8
1
23
2
3
10
3
2
44
4
8
1
23
2
16
2
44
4
1
7
1
23
2
3
10
3
2
44
4
1
7
1
23
2
16
2
44
5
31
1
1
16
1
1
44
5
31
1
18
1
12
19
13
5
63
19
13
5
63
19
13
5
63
19
13
5
63
5
10
4
13
5
63
19
13
5
63
19
13
5
63
19
13
87
13
87
13
87
13
1