-1
0
-1
26
-1
0
-1
26
-1
0
-1
26
-1
0
-1
26
-1
1
-1
8
30
-1
3
-1
8
30
-1
3
-1
8
2
-1
3
-1
8
-1
4
-1
3
-1
8
-1
4
22
-1
3
-1
5
-1
6
7
-1
8
-1
4
22
-1
5
-1
6
7
-1
8
-1
4
22
-1
5
-1
6
7
-1
8
-1
4
22
-1
5
-1
6
-1
8
-1
4
22
-1
5
-1
6
-1
8
-1
21
-1
9
-1
27
5
-1
11
-1
28
6
-1
13
-1
8
-1
23
9
-1
27
10
-1
24
11
-1
28
12
-1
25
13
-1
29
14
-1
23
9
-1
27
10
-1
24
11
-1
28
12
-1
25
13
-1
29
14
-1
23
9
-1
27
10
-1
24
11
-1
28
12
-1
25
13
-1
29
14
-1
23
9
-1
27
10
-1
24
11
-1
28
12
-1
25
13
-1
29
14
-1
23
9
-1
27
10
-1
24
11
-1
28
12
-1
23
9
-1
27
10
-1
24
11
-1
28
12
-1
23
9
-1
27
10
-1
24
11
-1
28
12
-1
23
9
-1
27
10
-1
23
9
-1
27
10
-1
15
-1
23
9
-1
27
10
-1
15
-1
18
-1
19
-1
18
-1
19
-1
18
-1
19
-1
18
-1
19
-1
18
-1
19
-1
18
-1
19
-1
16
-1
18
-1
19
-1
16
-1
18
-1
19
-1
16
-1
18
-1
19
-1
16
-1
17
-1
18
-1
19
-1
17
-1
18
-1
19
-1
17
-1
18
-1
19
-1
17
-1
18
-1
19
-1
17
-1
17
-1
17
-1
17
-1
20
-1
20
-1
20
-1