28
27
28
27
28
27
28
27
28
27
28
27
28
27
28
27
28
27
28
27
28
27
28
27
28
27
28
27
28
27
28
27
28
27
39
27
28
27
28
39
27
28
27
28
39
27
28
27
28
39
27
28
27
28
39
27
28
27
28
39
27
28
27
28
27
28
27
28
27
28
27
39
27
28
27
41
43
39
27
28
41
28
57
28
57
28
41
43
39
27
28
41
28
27
28
57
28
41
43
39
27
28
41
28
27
28
57
28
41
43
27
28
27
57
28
27
57
27
28
27
28
27
28
27
28
27
28
27
57
28
27
28
27
41
27
28
27
28
27
41
27
28
27
28
27
41
27
28
27
28
27
54
27
28
27
54
27
28
27
54
27
28
27
54
27
28
27
54
27
28
27
28
27
54
27
28
27
28
27
54
27
28
27
28
27
54
27
28
27
28
27
54
27
44
40
45
27
28
27
28
27
57
56
27
38
44
40
45
39
27
28
27
28
27
54
27
38
27
39
27
28
27
28
27
54
27
38
27
39
27
28
27
28
27
54
27
38
27
39
27
28
27
28
27
54
27
38
27
39
27
28
27
28
27
54
27
38
27
39
27
28
27
54
27
38
27
28
27
39
27
28
27
54
27
38
27
39
27
28
27
41
28
27
38
27
28
27
39
27
28
27
41
28
27
38
27
39
27
28
27
38
42
41
43
39
27
28
27
42
41
43
27
28
27
28
27
28
27
28
27
28
27
28
27
28
27
28
27
28
27
28
27
28
27
28
27
28
27
28
27
28
27
28
27
28
27
28
27
28
27
28