6
8
6
12
16
17
6
8
6
12
16
17
6
8
6
12
16
17
6
8
6
12
16
17
6
8
9
10
11
12
13
14
15
16
17
6
8
9
10
11
12
13
14
15
16
17
6
8
9
10
11
12
13
14
15
16
17
6
8
9
10
11
12
13
14
15
16
17
6
8
9
10
11
12
13
14
15
16
17
6
8
9
10
11
12
13
14
15
16
17
6
8
9
10
11
12
13
14
15
16
17
6
8
6
12
10
12
13
14
15
16
14
16
17
6
8
6
12
13
14
15
16
14
16
17
6
8
6
12
13
14
15
16
17
6
8
6
12
13
14
15
16
17
6
8
6
12
13
14
15
16
17
6
8
6
8
6
8
6
12
13
14
15
16
17
6
8
6
8
6
8
6
10
12
10
12
13
14
15
16
17
6
8
6
8
6
8
6
12
13
14
15
16
17
11
8
10
13
14
15
16
17
11
9
12
10
12
14
15
16
17
11
10
14
10
14
15
16
17
11
14
12
16
17
11
14
12
16
17
11
14
12
16
17
11
14
16
17
12
11
14
16
17
12
14
16
17
12
13
14
16
17
12
14
16
17
12
14
16
17
12
14
16
17
12
14
16
17
12
14
16
14
16
14
16
17
12
14
16
14
16
14
16
17
12
14
16
14
16
14
16
17
12
14
16
14
16
14
16
17
12
14
16
15
16
14
16
14
16
17
12
14
12
16
15
14
15
16
14
16
14
16
17
12
14
16
15
14
15
16
14
16
14
16
17
12
14
16
15
14
15
16
14
16
14
16
17
12
14
16
15
14
15
16
14
16
14
16
17
12
14
16
15
14
12
14
15
16
14
16
14
16
17
12
14
16
15
14
12
14
15
16
17
12
14
16
15
14
13
14
15
16
17
12
14
16
15
14
13
14
15
16
17
12
14
16
15
14
15
16
17
12
15
16
15
14
15
16
17
16
15
14
15
16
17
16
15
16
17
16
17
16
17
16
17
16
14
16
17
16
17
16
17
16
17
16
17
16
17
16
17