468
6
80
5
9
6
80
5
9
6
80
5
9
6
15
7
58
5
9
6
15
7
58
5
9
6
15
7
72
6
15
7
84
5
4
7
29
17
19
4
15
5
4
7
29
17
19
4
24
7
29
17
19
4
24
7
29
17
19
4
24
7
8
5
7
9
36
4
24
7
8
5
7
9
29
6
44
5
7
9
29
6
44
5
7
9
29
6
94
6
149
6
13
14
67
6
13
14
67
6
13
14
67
6
13
14
67
6
1
9
3
14
67
6
1
9
84
6
1
9
91
9
91
9
91
9
91
9
91
9
44
4
6
4
86
4
6
4
29
5
52
4
6
4
29
5
52
4
6
4
29
5
18
20
14
4
6
4
29
5
19
18
15
4
6
4
86
4
6
4
86
4
6
4
86
4
6
4
86
4
6
4
324
4
96
4
125
18
35
6
40
20
34
6
94
6
94
6
94
6
82
6
6
6
94
6
94
6
94
6
94
6
205