20
8
30
7
24
11
20
8
30
7
24
11
20
8
30
7
24
11
20
8
30
7
24
11
4
54
1
1
1
4
1
1
1
21
11
4
54
1
1
1
4
1
1
1
21
11
4
54
1
1
1
4
1
1
1
21
11
4
54
1
1
1
4
1
1
1
21
11
4
54
1
1
1
4
1
1
1
21
11
4
54
1
1
1
4
1
1
1
21
11
4
54
1
1
1
4
1
1
1
21
11
4
49
4
3
1
1
1
1
1
7
12
5
11
4
49
1
8
1
1
1
7
12
5
11
4
49
1
8
1
1
1
24
11
4
49
1
8
1
1
1
24
11
4
49
1
8
1
1
1
24
11
4
5
7
9
17
7
5
8
1
1
1
24
11
4
5
7
9
17
7
5
1
5
1
1
1
1
1
24
11
4
5
7
9
17
7
5
8
1
1
1
24
11
4
5
45
9
1
1
24
11
4
5
7
9
29
10
1
24
11
4
5
7
9
29
11
24
11
9
7
9
64
11
9
7
9
64
11
9
7
9
64
11
9
16
64
11
4
5
16
64
11
9
16
64
11
4
5
16
64
11
4
23
62
11
4
23
62
11
4
23
62
11
4
23
62
11
4
23
40
6
7
6
3
11
4
23
40
6
7
6
3
11
4
23
40
6
7
6
3
11
4
23
40
6
7
6
3
11
4
23
8
20
12
6
7
6
3
11
4
7
1
23
1
18
1
12
6
7
6
3
11
4
7
24
1
18
1
12
6
7
6
3
11
4
7
24
1
18
1
12
6
7
6
3
11
4
7
24
1
18
1
12
6
7
6
3
11
4
7
24
1
4
10
4
1
12
6
7
6
3
11
4
7
24
1
4
10
4
1
34
11
4
7
24
1
4
10
4
1
34
11
4
7
24
1
4
10
4
1
34
11
4
7
24
1
18
1
34
11
4
7
24
1
18
1
34
11
35
1
18
1
34
11
35
20
34
11
89
11
89
11
89
11
72
10
7
11
89
11
89
11
89
11
89
11
89
11
89
11