26
2
27
13
58
2
27
13
58
2
27
13
58
2
27
13
88
12
382
5
13
2
15
65
5
13
2
15
65
6
12
2
15
65
3
5
2
10
2
78
3
5
2
1
9
2
35
9
7
7
13
4
6
5
2
1
46
9
7
8
12
4
6
5
2
1
46
9
7
9
11
4
6
1
6
1
46
2
14
2
22
2
5
6
1
46
2
14
2
22
2
6
5
44
1
1
2
1
7
1
5
2
1
17
1
4
2
52
3
1
1
2
1
4
3
1
5
2
1
15
2
1
3
2
1
52
3
1
1
2
1
4
3
1
5
2
1
15
2
1
3
2
1
52
3
1
1
2
1
4
3
1
5
2
1
15
2
1
3
2
1
53
2
1
1
2
1
4
3
1
5
2
1
15
2
1
3
2
1
53
2
1
1
2
1
4
3
1
5
2
1
77
2
1
1
2
1
5
2
1
5
2
1
77
2
1
1
2
1
6
1
1
5
2
1
77
2
1
1
2
1
93
2
1
1
2
1
16
3
74
2
1
1
2
1
16
3
236
10
3
10
77
10
3
10
77
10
3
10
77
3
10
3
84
3
10
3
84
3
10
3
29
4
51
3
10
3
29
4
51
3
10
3
29
2
53
3
10
3
29
2
26
13
14
3
10
3
57
13
14
3
10
3
57
13
14
3
10
3
57
3
24
3
10
3
57
3
97
3
97
3
97
3
530
12
88
12
88
2
628