5
3
44
3
19
4
20
2
5
3
44
3
19
3
1
20
2
5
3
44
3
19
2
1
21
2
5
3
44
3
19
1
1
22
2
5
1
2
44
3
19
1
15
8
2
6
1
1
44
3
43
2
7
1
44
3
43
2
52
3
43
2
52
3
43
2
52
3
43
2
52
3
43
2
52
3
43
2
52
3
43
2
20
2
6
2
22
3
43
2
20
2
6
3
67
2
20
2
6
10
39
23
20
2
6
10
39
23
20
2
6
10
39
23
20
2
6
10
60
14
8
2
6
10
60
14
8
2
6
10
60
14
8
2
6
10
60
14
8
2
6
3
67
14
8
2
6
2
47
35
8
2
55
35
65
35
86
2
9
3
86
2
9
2
87
2
9
2
87
2
9
2
87
2
9
3
86
2
9
2
87
2
9
1
1
87
2
10
1
41
3
43
2
52
3
43
2
22
2
5
2
21
3
43
2
21
4
3
4
20
3
43
2
21
4
3
4
20
3
43
2
22
2
5
2
21
3
97
3
97
3
97
3
97
3
674
3
18
3
76
3
18
3
97
3
97
3
97
3
97
3
97
3
47
29
71
200