18
2
28
4
17
1
78
4
17
1
78
4
17
1
78
3
18
1
78
3
18
1
78
3
18
1
78
3
18
1
78
3
18
1
4
6
2
8
26
8
2
8
14
3
18
1
4
6
2
8
26
8
2
8
14
3
18
1
4
6
2
8
26
8
2
8
35
1
4
3
39
3
15
5
30
1
4
3
39
3
15
5
30
1
4
3
39
3
9
2
4
5
30
1
4
3
39
3
10
2
38
1
4
3
39
3
50
1
4
3
39
3
50
1
4
3
23
2
9
2
3
3
50
1
4
3
1
10
2
2
4
2
18
3
50
1
4
3
39
3
50
1
4
3
39
3
11
4
35
1
4
3
39
3
10
5
35
1
4
3
39
3
9
3
38
1
4
3
23
12
4
3
9
2
39
1
4
3
23
12
4
3
50
1
4
3
23
12
4
3
50
1
4
3
23
12
57
1
4
3
23
12
57
1
4
3
92
1
4
3
23
13
56
1
4
3
23
13
3
6
2
10
35
1
4
3
23
12
4
6
2
10
35
1
46
6
2
10
35
1
46
3
50
1
46
3
50
1
46
3
50
1
3
3
40
3
2
3
4
3
38
1
3
3
40
3
2
1
6
1
40
1
3
2
41
3
2
1
6
1
40
1
46
3
50
1
46
3
50
1
46
3
26
10
14
1
46
3
26
10
14
1
75
10
90
3
278
15
2
12
71
15
2
12
71
2
400
15
12
4
1
40
28
15
12
73
15
12
73
15
12
74
12
14
245