-1
33
-1
34
-1
27
-1
34
-1
27
-1
34
-1
27
-1
34
-1
27
-1
34
-1
27
-1
34
-1
27
-1
34
-1
27
-1
34
-1
27
-1
23
47
24
-1
4
42
5
-1
34
-1
27
-1
23
47
24
-1
4
42
5
-1
34
-1
27
-1
23
47
24
-1
4
42
5
-1
27
-1
23
-1
4
-1
10
-1
27
-1
23
-1
4
-1
10
-1
27
-1
23
-1
4
-1
7
-1
10
-1
27
-1
48
-1
4
-1
8
-1
27
-1
48
-1
4
-1
27
-1
25
-1
43
-1
27
-1
25
-1
31
30
32
-1
43
-1
27
-1
25
37
36
38
39
36
40
-1
6
-1
27
-1
25
-1
6
-1
27
-1
25
-1
6
-1
9
-1
27
-1
25
-1
6
-1
9
-1
27
-1
49
-1
6
-1
9
-1
27
-1
49
-1
2
-1
6
-1
9
-1
27
-1
26
-1
2
-1
6
-1
27
-1
26
-1
2
-1
6
-1
27
-1
26
-1
2
-1
27
-1
26
-1
0
-1
27
-1
26
-1
27
-1
26
-1
3
-1
27
-1
26
-1
3
-1
11
44
12
-1
27
-1
26
-1
1
-1
11
44
12
-1
27
-1
11
44
12
-1
27
-1
11
-1
27
-1
11
-1
27
-1
11
-1
27
-1
22
-1
45
-1
14
-1
15
-1
27
-1
22
-1
45
-1
14
-1
15
-1
27
-1
22
-1
13
-1
14
-1
15
-1
27
-1
13
-1
27
-1
13
-1
28
-1
13
-1
35
-1
28
-1
13
-1
35
-1
28
-1
35
-1
35
-1
16
46
17
-1
16
46
17
-1
16
-1
20
21
-1
41
29
-1
20
21
-1
20
21
-1
20
21
-1
18
19
-1