6
1
1
1
11
10
22
7
11
4
1
1
1
21
2
6
1
1
1
43
7
11
4
1
1
1
21
2
6
1
1
1
43
7
11
4
1
1
22
2
6
1
1
1
42
1
7
11
4
1
23
2
6
1
1
1
42
1
7
11
4
24
2
7
1
1
42
1
7
11
30
8
1
42
1
7
11
30
9
42
1
7
11
30
51
1
7
11
30
51
1
7
11
30
52
7
11
7
13
10
19
15
18
7
11
7
13
10
19
15
18
7
11
7
13
10
19
9
2
4
18
7
11
7
13
10
19
9
3
3
5
20
11
7
13
10
19
9
11
20
11
7
13
10
19
9
11
20
11
7
13
10
19
9
11
20
11
7
13
10
13
6
9
11
20
11
7
13
8
2
13
6
9
11
20
11
7
13
8
2
13
6
9
11
20
11
7
13
8
2
13
6
9
11
20
11
7
13
8
2
13
6
9
3
3
5
20
11
7
13
8
2
13
6
9
2
4
3
22
11
7
13
10
13
6
15
3
22
11
7
13
10
13
6
15
3
22
11
7
13
10
13
15
9
22
11
7
13
10
10
1
1
1
15
9
22
11
7
13
10
9
1
18
9
22
11
7
13
10
9
1
18
9
22
11
7
13
10
9
1
18
9
22
11
7
13
10
10
1
1
1
15
9
22
11
30
10
1
17
9
22
11
30
10
1
8
15
3
22
11
30
11
8
15
3
22
11
30
19
15
3
22
11
30
19
15
3
22
11
30
19
3
2
5
2
3
3
22
11
5
1
24
19
3
2
5
2
3
3
22
11
30
19
15
3
22
11
30
19
15
3
22
11
30
19
15
3
22
11
30
19
15
3
22
11
30
25
12
22
41
25
12
11
7
4
41
25
12
22
41
25
12
22
41
25
12
22
41
25
12
22
41
28
27
4
41
30
1
1
18
1
1
7
41
30
1
1
18
1
1
7
41
29
1
1
19
1
1
7
41
29
1
1
19
1
1
7
41
29
1
1
19
1
1
77
1
1
19
1
1
77
1
1
19
1
1
348