159
8
92
8
78
6
8
8
78
6
8
8
78
6
8
8
78
6
8
8
78
6
8
8
78
6
8
8
78
6
8
8
92
8
63
5
24
8
63
5
24
8
63
5
96
4
4
9
83
4
4
9
91
9
91
9
91
9
36
6
49
9
36
6
49
9
36
6
49
9
36
6
49
9
36
6
32
6
56
7
31
6
36
6
52
6
9
4
23
6
52
6
9
4
23
6
6
4
10
8
27
4
8
4
23
6
6
4
10
8
27
4
8
4
23
6
6
4
10
8
27
4
8
4
23
6
6
4
10
8
27
4
8
4
23
6
6
4
10
8
27
4
8
4
23
6
55
4
8
4
23
6
53
6
8
4
82
6
94
6
95
5
319
4
72
7
17
4
72
7
17
4
7
5
60
7
17
4
7
5
60
7
17
4
7
5
86
6
3
5
95
5
95
5
95
5
95
3
88
5
4
3
69
9
10
3
6
3
69
9
10
3
78
9
10
3
78
9
10
3
78
9
10
3
78
9
10
3
78
9
10
3
347