5
6
7
8
9
7
9
11
12
11
10
9
8
7
11
5
6
7
8
9
11
12
11
10
9
8
7
11
5
6
7
8
9
11
12
11
10
9
8
11
5
6
7
8
9
7
11
12
11
10
9
11
5
6
7
8
9
7
11
12
11
10
11
6
7
8
9
7
11
12
11
7
8
9
7
11
12
11
8
9
7
11
12
11
9
7
11
12
11
9
7
11
12
11
9
11
12
11
9
11
9
7
10
11
12
11
9
11
9
7
10
11
12
11
9
11
9
7
8
7
10
11
12
11
9
11
9
7
8
7
8
11
12
11
9
11
9
7
8
11
12
11
9
11
9
7
8
11
12
11
9
11
9
7
8
11
12
11
9
11
8
9
7
8
11
12
11
8
10
11
8
9
7
8
11
12
11
8
10
11
8
9
7
8
11
12
11
8
10
11
8
9
7
8
11
12
11
8
10
11
8
9
7
8
7
8
11
12
11
8
10
11
8
9
7
8
7
10
11
12
11
9
11
8
9
7
10
11
12
11
9
11
8
9
7
10
11
12
11
9
11
8
9
10
11
12
11
9
11
5
6
7
8
9
10
11
12
11
9
11
5
7
9
10
11
12
11
9
11
5
7
9
10
11
12
11
9
11
5
7
9
10
11
12
11
9
11
5
6
7
8
9
10
11
12
11
6
7
9
10
11
12
11
6
7
9
7
10
11
12
11
7
9
7
10
11
12
11
9
7
10
11
12
11
9
7
10
11
12
11
9
7
6
7
6
7
10
11
12
11
8
11
9
7
6
7
6
7
10
11
12
11
9
7
10
11
12
11
9
7
10
11
12
11
9
7
10
11
12
11
9
7
10
11
12
11
9
10
11
12
9
10
11
9
11
12
9
10
11
12
9
10
11
12
9
10
11
12
9
10
11
12
10
9
11
12
11
12
13
14
13
12
11
12
11
12
13
14
13
12
11
12
11
12
13
14
13
12
11
12
11
12
13
14
13
12
11
12
11
12
13
14
13
12
11
12
13
14
13
12
11
12
13
14
13
12
11