27
39
27
28
27
38
27
28
27
39
27
28
27
38
42
41
28
27
39
27
28
27
38
42
41
28
27
39
27
28
27
38
42
41
28
41
43
39
27
28
27
42
27
41
28
41
43
39
27
28
27
28
41
43
27
28
27
28
27
28
27
28
27
28
27
28
27
28
27
28
27
28
27
28
27
28
27
28
27
28
27
28
27
28
27
28
27
28
27
28
27
28
27
28
27
28
27
28
27
28
27
28
27
28
27
28
27
28
27
28
27
28
27
28
27
28
27
28
27
28
27
28
27
28
27
28
27
28
27
28
27
28
27
28
27
28
27
28
27
28
27
28
27
28
27
28
27
28
27
28
27
28
27
28
27
28
27
28
27
39
27
28
27
54
27
28
27
54
27
28
27
54
27
28
27
39
27
28
27
39
27
28
41
43
39
27
28
41
43
27
28
27
28
27
28
27
28
27
28
27
28
27
28
27
28
27
28
27
28
27
28
27
28
27
28
27
28
27
28
27
28
27
28
27
28
27
28
27
28
27
28
27
28
27
28
27
39
27
38
27
39
27
38
27
38
27
38
27
38
27
38
27
38
27
28
27
28